007020003900065700000701048280040005405203106700010029320104000009350004500090200, 817429653934865712652731948281946375495273186763518429326184597179352864548697231
003600800540000900000410000000301200900020003007804000000072000001000064009006700, 173659842548237916692418375485361297916725483237894651864572139721983564359146728
604731005000000407701009000400056003030020070200170008000300604805000000900687201, 624731895359268417781549362417856923538924176296173548172395684865412739943687251
930000760007080005004006030000009002008000300500400000080700200100060500075000016, 932145768617983425854276931741539682298617354563428197386751249129864573475392816
000400000041000080700800941013068090090301020050920710326007008070000630000003000, 835419267941276385762835941213768594497351826658924713326197458174582639589643172
000100020300200400000070106005900040070503090090006500608050000002007004010004000, 467135928381269475529478136235981647876543291194726583648352719952817364713694852
200007103000090002090002570050806700000050000004103020037200050900080000608900007, 286547193571398462493612578359826741712459386864173925137264859925781634648935217
060000010400009000501070002730050100600000008005040037800020305000900001070000090, 267485913483219756591376482738652149614793528925841637849127365352964871176538294
600000800700030060980060010000003900001786300007500000070010032050040008009000005, 643159827712834569985267413568423971291786354437591286874915632156342798329678145
000705020009000807000600010030400500800503004007002060080006000103000900040209000, 318795426629314857574628319236471598891563274457982163982146735163857942745239681

