030000000040700801020000500900000000100924700300060908000038000010000006700001004, 531489672649752831827316549962873415185924763374165928496238157218547396753691284
000030000120740000000100004005000700000000010030061028000900002460000830007000009, 946832157128745396573196284815429763692378415734561928351984672469257831287613549
000010000830000200000950704020000801000000000040081000009040060006000302000860100, 974312685835674219261958734627439851198526473543781926319247568786195342452863197
000000003000000750050480000004009000100067002060000080030200040040100005800005600, 496751823218693754753482169374829516185367492962514387531276948649138275827945631
000030007000500000001004500300010008506020030079600000000070050800000060030000009, 658132497743598126291764583324915678586427931179683245962871354815349762437256819
700000090201400006000060300003906000080000070000204600008020000400008701010000003, 736852194291437856845169327523976418684513972179284635368721549452398761917645283
004001000703000600200050000100084090000706000090120003000010007006000502000800100, 964231758753948621281657934175384296432796815698125473849512367316479582527863149
050016020801400000000000603030068005000000000400530060703000000000002901010340080, 359716824861423759274859613137268495685194372492537168723981546548672931916345287
903610000500200000200008600006000050840000079050000800007500002000009001000032704, 973615428568243917214798635726984153841356279359127846487561392632479581195832764


